# границы изменения параметров
LOWER_BOUND ( -1 -1 -1 -1 -1 -1 -1 -1 -1 -1 -1 -1 -10 -10 -10 0 0 0 0 0 0 0 0 0 )
UPPER_BOUND ( 1 1 1 1 1 1 1 1 1 1 1 1 10 10 10 5 5 5 5 5 5 5 5 5 )

# границы изменения параметров
LOWER_BOUND ( -10 -10 -10 -10 -10 -10 -10 -10 -10 -10 -10 -10 -10 -10 -10 0 0 0 0 0 0 0 0 0 )
UPPER_BOUND ( 10 10 10 10 10 10 10 10 10 10 10 10 10 10 10 10 10 10 10 10 10 10 10 10 )

( 8.870634744 0.8612110261 -7.900030113 -9.934967365 1.665156335 -1.604685243 -2.067735756 3.557445787 1.142250477 0.283532639 0.09248219515 9.786268336 2.118219459 -7.648967451 -2.711930228 1.694991607 7.862062073 2.221644345e-05 2.725759161 3.487500933 0.680543948 2.887249277 2.328820373 2.238266428 ) h=0 f=2.510637866e-08

# границы изменения параметров
LOWER_BOUND ( -10 -10 -10 -10 -10 -10 -10 -10 -10 -10 -10 -10 -10 -10 -10 10 10 10 10 10 10 10 10 10 )
UPPER_BOUND ( 10 10 10 10 10 10 10 10 10 10 10 10 10 10 10 10 10 10 10 10 10 10 10 10 )